DATASET_NAME: Heart.train2.csv
ENSEMBLE: RF
NB_TREES: 10
NB_FEATURES: 13
NB_CLASSES: 2
MAX_TREE_DEPTH: 3
Format: node / node type (LN - leave node, IN - internal node) left child / right child / feature / threshold / node_depth / majority class (starts with index 0)

[TREE 0]
NB_NODES: 15
0 IN 1 8 11 0.500000 0 -1
1 IN 2 5 12 2.500000 1 -1
2 IN 3 4 8 0.500000 2 -1
3 LN -1 -1 -1 -1 3 1
4 LN -1 -1 -1 -1 3 0
5 IN 6 7 8 0.500000 2 -1
6 LN -1 -1 -1 -1 3 1
7 LN -1 -1 -1 -1 3 0
8 IN 9 12 8 0.500000 1 -1
9 IN 10 11 3 109.000000 2 -1
10 LN -1 -1 -1 -1 3 1
11 LN -1 -1 -1 -1 3 0
12 IN 13 14 4 287.000000 2 -1
13 LN -1 -1 -1 -1 3 0
14 LN -1 -1 -1 -1 3 0

[TREE 1]
NB_NODES: 15
0 IN 1 8 11 0.500000 0 -1
1 IN 2 5 8 0.500000 1 -1
2 IN 3 4 4 228.500000 2 -1
3 LN -1 -1 -1 -1 3 1
4 LN -1 -1 -1 -1 3 1
5 IN 6 7 2 1.000000 2 -1
6 LN -1 -1 -1 -1 3 0
7 LN -1 -1 -1 -1 3 1
8 IN 9 12 8 0.500000 1 -1
9 IN 10 11 9 0.500000 2 -1
10 LN -1 -1 -1 -1 3 1
11 LN -1 -1 -1 -1 3 0
12 IN 13 14 3 126.500000 2 -1
13 LN -1 -1 -1 -1 3 0
14 LN -1 -1 -1 -1 3 0

[TREE 2]
NB_NODES: 13
0 IN 1 8 8 0.500000 0 -1
1 IN 2 5 6 0.500000 1 -1
2 IN 3 4 11 0.500000 2 -1
3 LN -1 -1 -1 -1 3 1
4 LN -1 -1 -1 -1 3 0
5 IN 6 7 10 1.500000 2 -1
6 LN -1 -1 -1 -1 3 1
7 LN -1 -1 -1 -1 3 1
8 IN 9 12 9 1.300000 1 -1
9 IN 10 11 4 244.500000 2 -1
10 LN -1 -1 -1 -1 3 1
11 LN -1 -1 -1 -1 3 0
12 LN -1 -1 -1 -1 2 0

[TREE 3]
NB_NODES: 15
0 IN 1 8 7 145.500000 0 -1
1 IN 2 5 10 1.500000 1 -1
2 IN 3 4 9 2.050000 2 -1
3 LN -1 -1 -1 -1 3 0
4 LN -1 -1 -1 -1 3 0
5 IN 6 7 4 247.000000 2 -1
6 LN -1 -1 -1 -1 3 1
7 LN -1 -1 -1 -1 3 0
8 IN 9 12 11 0.500000 1 -1
9 IN 10 11 4 272.500000 2 -1
10 LN -1 -1 -1 -1 3 1
11 LN -1 -1 -1 -1 3 1
12 IN 13 14 12 2.500000 2 -1
13 LN -1 -1 -1 -1 3 1
14 LN -1 -1 -1 -1 3 0

[TREE 4]
NB_NODES: 15
0 IN 1 8 12 2.500000 0 -1
1 IN 2 5 2 0.500000 1 -1
2 IN 3 4 11 0.500000 2 -1
3 LN -1 -1 -1 -1 3 1
4 LN -1 -1 -1 -1 3 0
5 IN 6 7 3 129.000000 2 -1
6 LN -1 -1 -1 -1 3 1
7 LN -1 -1 -1 -1 3 1
8 IN 9 12 9 0.700000 1 -1
9 IN 10 11 0 42.000000 2 -1
10 LN -1 -1 -1 -1 3 0
11 LN -1 -1 -1 -1 3 1
12 IN 13 14 7 145.000000 2 -1
13 LN -1 -1 -1 -1 3 0
14 LN -1 -1 -1 -1 3 0

[TREE 5]
NB_NODES: 15
0 IN 1 8 2 0.500000 0 -1
1 IN 2 5 10 1.500000 1 -1
2 IN 3 4 0 70.500000 2 -1
3 LN -1 -1 -1 -1 3 0
4 LN -1 -1 -1 -1 3 1
5 IN 6 7 7 162.500000 2 -1
6 LN -1 -1 -1 -1 3 0
7 LN -1 -1 -1 -1 3 1
8 IN 9 12 7 142.500000 1 -1
9 IN 10 11 11 0.500000 2 -1
10 LN -1 -1 -1 -1 3 1
11 LN -1 -1 -1 -1 3 0
12 IN 13 14 1 0.500000 2 -1
13 LN -1 -1 -1 -1 3 1
14 LN -1 -1 -1 -1 3 1

[TREE 6]
NB_NODES: 13
0 IN 1 6 7 148.000000 0 -1
1 IN 2 3 3 106.000000 1 -1
2 LN -1 -1 -1 -1 2 1
3 IN 4 5 3 154.000000 2 -1
4 LN -1 -1 -1 -1 3 0
5 LN -1 -1 -1 -1 3 1
6 IN 7 10 1 0.500000 1 -1
7 IN 8 9 12 2.500000 2 -1
8 LN -1 -1 -1 -1 3 1
9 LN -1 -1 -1 -1 3 0
10 IN 11 12 8 0.500000 2 -1
11 LN -1 -1 -1 -1 3 1
12 LN -1 -1 -1 -1 3 0

[TREE 7]
NB_NODES: 15
0 IN 1 8 1 0.500000 0 -1
1 IN 2 5 7 155.500000 1 -1
2 IN 3 4 4 240.000000 2 -1
3 LN -1 -1 -1 -1 3 1
4 LN -1 -1 -1 -1 3 0
5 IN 6 7 7 164.000000 2 -1
6 LN -1 -1 -1 -1 3 1
7 LN -1 -1 -1 -1 3 1
8 IN 9 12 11 0.500000 1 -1
9 IN 10 11 10 1.500000 2 -1
10 LN -1 -1 -1 -1 3 0
11 LN -1 -1 -1 -1 3 1
12 IN 13 14 9 0.250000 2 -1
13 LN -1 -1 -1 -1 3 1
14 LN -1 -1 -1 -1 3 0

[TREE 8]
NB_NODES: 15
0 IN 1 8 8 0.500000 0 -1
1 IN 2 5 12 2.500000 1 -1
2 IN 3 4 11 0.500000 2 -1
3 LN -1 -1 -1 -1 3 1
4 LN -1 -1 -1 -1 3 0
5 IN 6 7 2 0.500000 2 -1
6 LN -1 -1 -1 -1 3 0
7 LN -1 -1 -1 -1 3 1
8 IN 9 12 4 243.500000 1 -1
9 IN 10 11 5 0.500000 2 -1
10 LN -1 -1 -1 -1 3 0
11 LN -1 -1 -1 -1 3 1
12 IN 13 14 7 157.500000 2 -1
13 LN -1 -1 -1 -1 3 0
14 LN -1 -1 -1 -1 3 1

[TREE 9]
NB_NODES: 15
0 IN 1 8 9 0.850000 0 -1
1 IN 2 5 12 1.500000 1 -1
2 IN 3 4 11 0.500000 2 -1
3 LN -1 -1 -1 -1 3 1
4 LN -1 -1 -1 -1 3 0
5 IN 6 7 12 2.500000 2 -1
6 LN -1 -1 -1 -1 3 1
7 LN -1 -1 -1 -1 3 1
8 IN 9 12 8 0.500000 1 -1
9 IN 10 11 7 109.000000 2 -1
10 LN -1 -1 -1 -1 3 0
11 LN -1 -1 -1 -1 3 1
12 IN 13 14 2 1.000000 2 -1
13 LN -1 -1 -1 -1 3 0
14 LN -1 -1 -1 -1 3 0

