DATASET_NAME: CDC-Diabetes.train3.csv
ENSEMBLE: RF
NB_TREES: 10
NB_FEATURES: 21
NB_CLASSES: 3
MAX_TREE_DEPTH: 3
Format: node / node type (LN - leave node, IN - internal node) left child / right child / feature / threshold / node_depth / majority class (starts with index 0)

[TREE 0]
NB_NODES: 15
0 IN 1 8 16 0.500000 0 -1
1 IN 2 5 4 0.500000 1 -1
2 IN 3 4 0 0.500000 2 -1
3 LN -1 -1 -1 -1 3 0
4 LN -1 -1 -1 -1 3 0
5 IN 6 7 3 31.500000 2 -1
6 LN -1 -1 -1 -1 3 0
7 LN -1 -1 -1 -1 3 0
8 IN 9 12 1 0.500000 1 -1
9 IN 10 11 0 0.500000 2 -1
10 LN -1 -1 -1 -1 3 0
11 LN -1 -1 -1 -1 3 0
12 IN 13 14 18 12.500000 2 -1
13 LN -1 -1 -1 -1 3 0
14 LN -1 -1 -1 -1 3 0

[TREE 1]
NB_NODES: 15
0 IN 1 8 1 0.500000 0 -1
1 IN 2 5 20 6.500000 1 -1
2 IN 3 4 15 9.500000 2 -1
3 LN -1 -1 -1 -1 3 0
4 LN -1 -1 -1 -1 3 0
5 IN 6 7 3 32.500000 2 -1
6 LN -1 -1 -1 -1 3 0
7 LN -1 -1 -1 -1 3 0
8 IN 9 12 0 0.500000 1 -1
9 IN 10 11 7 0.500000 2 -1
10 LN -1 -1 -1 -1 3 0
11 LN -1 -1 -1 -1 3 0
12 IN 13 14 18 4.500000 2 -1
13 LN -1 -1 -1 -1 3 0
14 LN -1 -1 -1 -1 3 0

[TREE 2]
NB_NODES: 15
0 IN 1 8 3 31.500000 0 -1
1 IN 2 5 15 8.500000 1 -1
2 IN 3 4 1 0.500000 2 -1
3 LN -1 -1 -1 -1 3 0
4 LN -1 -1 -1 -1 3 0
5 IN 6 7 0 0.500000 2 -1
6 LN -1 -1 -1 -1 3 0
7 LN -1 -1 -1 -1 3 0
8 IN 9 12 0 0.500000 1 -1
9 IN 10 11 20 5.500000 2 -1
10 LN -1 -1 -1 -1 3 0
11 LN -1 -1 -1 -1 3 0
12 IN 13 14 3 37.500000 2 -1
13 LN -1 -1 -1 -1 3 0
14 LN -1 -1 -1 -1 3 0

[TREE 3]
NB_NODES: 15
0 IN 1 8 1 0.500000 0 -1
1 IN 2 5 13 2.500000 1 -1
2 IN 3 4 0 0.500000 2 -1
3 LN -1 -1 -1 -1 3 0
4 LN -1 -1 -1 -1 3 0
5 IN 6 7 16 0.500000 2 -1
6 LN -1 -1 -1 -1 3 0
7 LN -1 -1 -1 -1 3 0
8 IN 9 12 6 0.500000 1 -1
9 IN 10 11 3 31.500000 2 -1
10 LN -1 -1 -1 -1 3 0
11 LN -1 -1 -1 -1 3 0
12 IN 13 14 0 0.500000 2 -1
13 LN -1 -1 -1 -1 3 0
14 LN -1 -1 -1 -1 3 0

[TREE 4]
NB_NODES: 15
0 IN 1 8 15 7.500000 0 -1
1 IN 2 5 15 1.500000 1 -1
2 IN 3 4 3 31.500000 2 -1
3 LN -1 -1 -1 -1 3 0
4 LN -1 -1 -1 -1 3 0
5 IN 6 7 1 0.500000 2 -1
6 LN -1 -1 -1 -1 3 0
7 LN -1 -1 -1 -1 3 0
8 IN 9 12 6 0.500000 1 -1
9 IN 10 11 9 0.500000 2 -1
10 LN -1 -1 -1 -1 3 0
11 LN -1 -1 -1 -1 3 0
12 IN 13 14 0 0.500000 2 -1
13 LN -1 -1 -1 -1 3 0
14 LN -1 -1 -1 -1 3 0

[TREE 5]
NB_NODES: 15
0 IN 1 8 0 0.500000 0 -1
1 IN 2 5 5 0.500000 1 -1
2 IN 3 4 3 29.500000 2 -1
3 LN -1 -1 -1 -1 3 0
4 LN -1 -1 -1 -1 3 0
5 IN 6 7 3 27.500000 2 -1
6 LN -1 -1 -1 -1 3 0
7 LN -1 -1 -1 -1 3 0
8 IN 9 12 1 0.500000 1 -1
9 IN 10 11 18 7.500000 2 -1
10 LN -1 -1 -1 -1 3 0
11 LN -1 -1 -1 -1 3 0
12 IN 13 14 13 2.500000 2 -1
13 LN -1 -1 -1 -1 3 0
14 LN -1 -1 -1 -1 3 0

[TREE 6]
NB_NODES: 15
0 IN 1 8 16 0.500000 0 -1
1 IN 2 5 1 0.500000 1 -1
2 IN 3 4 6 0.500000 2 -1
3 LN -1 -1 -1 -1 3 0
4 LN -1 -1 -1 -1 3 0
5 IN 6 7 3 31.500000 2 -1
6 LN -1 -1 -1 -1 3 0
7 LN -1 -1 -1 -1 3 0
8 IN 9 12 1 0.500000 1 -1
9 IN 10 11 3 27.500000 2 -1
10 LN -1 -1 -1 -1 3 0
11 LN -1 -1 -1 -1 3 0
12 IN 13 14 3 31.500000 2 -1
13 LN -1 -1 -1 -1 3 0
14 LN -1 -1 -1 -1 3 2

[TREE 7]
NB_NODES: 15
0 IN 1 8 0 0.500000 0 -1
1 IN 2 5 2 0.500000 1 -1
2 IN 3 4 6 0.500000 2 -1
3 LN -1 -1 -1 -1 3 0
4 LN -1 -1 -1 -1 3 0
5 IN 6 7 16 0.500000 2 -1
6 LN -1 -1 -1 -1 3 0
7 LN -1 -1 -1 -1 3 0
8 IN 9 12 15 8.500000 1 -1
9 IN 10 11 3 31.500000 2 -1
10 LN -1 -1 -1 -1 3 0
11 LN -1 -1 -1 -1 3 0
12 IN 13 14 6 0.500000 2 -1
13 LN -1 -1 -1 -1 3 0
14 LN -1 -1 -1 -1 3 0

[TREE 8]
NB_NODES: 15
0 IN 1 8 13 2.500000 0 -1
1 IN 2 5 6 0.500000 1 -1
2 IN 3 4 3 29.500000 2 -1
3 LN -1 -1 -1 -1 3 0
4 LN -1 -1 -1 -1 3 0
5 IN 6 7 15 2.500000 2 -1
6 LN -1 -1 -1 -1 3 0
7 LN -1 -1 -1 -1 3 0
8 IN 9 12 1 0.500000 1 -1
9 IN 10 11 0 0.500000 2 -1
10 LN -1 -1 -1 -1 3 0
11 LN -1 -1 -1 -1 3 0
12 IN 13 14 13 3.500000 2 -1
13 LN -1 -1 -1 -1 3 0
14 LN -1 -1 -1 -1 3 0

[TREE 9]
NB_NODES: 15
0 IN 1 8 3 31.500000 0 -1
1 IN 2 5 0 0.500000 1 -1
2 IN 3 4 13 2.500000 2 -1
3 LN -1 -1 -1 -1 3 0
4 LN -1 -1 -1 -1 3 0
5 IN 6 7 6 0.500000 2 -1
6 LN -1 -1 -1 -1 3 0
7 LN -1 -1 -1 -1 3 0
8 IN 9 12 1 0.500000 1 -1
9 IN 10 11 15 9.500000 2 -1
10 LN -1 -1 -1 -1 3 0
11 LN -1 -1 -1 -1 3 0
12 IN 13 14 13 3.500000 2 -1
13 LN -1 -1 -1 -1 3 0
14 LN -1 -1 -1 -1 3 2

