DATASET_NAME: Kaggle-Diabetes.train8.csv
ENSEMBLE: RF
NB_TREES: 10
NB_FEATURES: 8
NB_CLASSES: 2
MAX_TREE_DEPTH: 3
Format: node / node type (LN - leave node, IN - internal node) left child / right child / feature / threshold / node_depth / majority class (starts with index 0)

[TREE 0]
NB_NODES: 15
0 IN 1 8 5 25.450000 0 -1
1 IN 2 5 2 94.000000 1 -1
2 IN 3 4 1 172.000000 2 -1
3 LN -1 -1 -1 -1 3 0
4 LN -1 -1 -1 -1 3 1
5 IN 6 7 7 40.500000 2 -1
6 LN -1 -1 -1 -1 3 0
7 LN -1 -1 -1 -1 3 1
8 IN 9 12 1 159.500000 1 -1
9 IN 10 11 1 107.500000 2 -1
10 LN -1 -1 -1 -1 3 0
11 LN -1 -1 -1 -1 3 0
12 IN 13 14 4 629.500000 2 -1
13 LN -1 -1 -1 -1 3 1
14 LN -1 -1 -1 -1 3 0

[TREE 1]
NB_NODES: 15
0 IN 1 8 7 27.500000 0 -1
1 IN 2 5 3 32.500000 1 -1
2 IN 3 4 4 36.500000 2 -1
3 LN -1 -1 -1 -1 3 0
4 LN -1 -1 -1 -1 3 0
5 IN 6 7 2 87.000000 2 -1
6 LN -1 -1 -1 -1 3 1
7 LN -1 -1 -1 -1 3 0
8 IN 9 12 3 33.500000 1 -1
9 IN 10 11 1 147.500000 2 -1
10 LN -1 -1 -1 -1 3 0
11 LN -1 -1 -1 -1 3 1
12 IN 13 14 5 40.300001 2 -1
13 LN -1 -1 -1 -1 3 1
14 LN -1 -1 -1 -1 3 1

[TREE 2]
NB_NODES: 15
0 IN 1 8 6 0.718500 0 -1
1 IN 2 5 5 29.650001 1 -1
2 IN 3 4 6 0.214000 2 -1
3 LN -1 -1 -1 -1 3 0
4 LN -1 -1 -1 -1 3 0
5 IN 6 7 0 3.500000 2 -1
6 LN -1 -1 -1 -1 3 0
7 LN -1 -1 -1 -1 3 1
8 IN 9 12 1 147.000000 1 -1
9 IN 10 11 7 24.500000 2 -1
10 LN -1 -1 -1 -1 3 0
11 LN -1 -1 -1 -1 3 1
12 IN 13 14 0 5.500000 2 -1
13 LN -1 -1 -1 -1 3 1
14 LN -1 -1 -1 -1 3 1

[TREE 3]
NB_NODES: 15
0 IN 1 8 5 27.349999 0 -1
1 IN 2 5 4 171.500000 1 -1
2 IN 3 4 0 2.500000 2 -1
3 LN -1 -1 -1 -1 3 0
4 LN -1 -1 -1 -1 3 0
5 IN 6 7 4 179.000000 2 -1
6 LN -1 -1 -1 -1 3 1
7 LN -1 -1 -1 -1 3 0
8 IN 9 12 6 0.718500 1 -1
9 IN 10 11 4 109.000000 2 -1
10 LN -1 -1 -1 -1 3 0
11 LN -1 -1 -1 -1 3 1
12 IN 13 14 7 24.500000 2 -1
13 LN -1 -1 -1 -1 3 0
14 LN -1 -1 -1 -1 3 1

[TREE 4]
NB_NODES: 15
0 IN 1 8 7 24.500000 0 -1
1 IN 2 5 1 130.500000 1 -1
2 IN 3 4 5 45.350000 2 -1
3 LN -1 -1 -1 -1 3 0
4 LN -1 -1 -1 -1 3 1
5 IN 6 7 2 51.000000 2 -1
6 LN -1 -1 -1 -1 3 0
7 LN -1 -1 -1 -1 3 0
8 IN 9 12 4 127.000000 1 -1
9 IN 10 11 6 0.729000 2 -1
10 LN -1 -1 -1 -1 3 0
11 LN -1 -1 -1 -1 3 1
12 IN 13 14 7 35.000000 2 -1
13 LN -1 -1 -1 -1 3 1
14 LN -1 -1 -1 -1 3 1

[TREE 5]
NB_NODES: 15
0 IN 1 8 1 123.500000 0 -1
1 IN 2 5 0 2.500000 1 -1
2 IN 3 4 5 45.400000 2 -1
3 LN -1 -1 -1 -1 3 0
4 LN -1 -1 -1 -1 3 1
5 IN 6 7 4 86.500000 2 -1
6 LN -1 -1 -1 -1 3 0
7 LN -1 -1 -1 -1 3 1
8 IN 9 12 5 29.950000 1 -1
9 IN 10 11 0 7.500000 2 -1
10 LN -1 -1 -1 -1 3 0
11 LN -1 -1 -1 -1 3 1
12 IN 13 14 6 0.429000 2 -1
13 LN -1 -1 -1 -1 3 1
14 LN -1 -1 -1 -1 3 1

[TREE 6]
NB_NODES: 15
0 IN 1 8 0 7.500000 0 -1
1 IN 2 5 5 29.849999 1 -1
2 IN 3 4 7 27.500000 2 -1
3 LN -1 -1 -1 -1 3 0
4 LN -1 -1 -1 -1 3 0
5 IN 6 7 5 45.400000 2 -1
6 LN -1 -1 -1 -1 3 0
7 LN -1 -1 -1 -1 3 1
8 IN 9 12 1 141.500000 1 -1
9 IN 10 11 3 43.500000 2 -1
10 LN -1 -1 -1 -1 3 1
11 LN -1 -1 -1 -1 3 0
12 IN 13 14 3 7.500000 2 -1
13 LN -1 -1 -1 -1 3 1
14 LN -1 -1 -1 -1 3 1

[TREE 7]
NB_NODES: 15
0 IN 1 8 0 6.500000 0 -1
1 IN 2 5 1 122.500000 1 -1
2 IN 3 4 3 40.500000 2 -1
3 LN -1 -1 -1 -1 3 0
4 LN -1 -1 -1 -1 3 0
5 IN 6 7 4 59.500000 2 -1
6 LN -1 -1 -1 -1 3 1
7 LN -1 -1 -1 -1 3 0
8 IN 9 12 1 142.500000 1 -1
9 IN 10 11 7 47.000000 2 -1
10 LN -1 -1 -1 -1 3 1
11 LN -1 -1 -1 -1 3 0
12 IN 13 14 2 94.500000 2 -1
13 LN -1 -1 -1 -1 3 1
14 LN -1 -1 -1 -1 3 0

[TREE 8]
NB_NODES: 15
0 IN 1 8 4 155.500000 0 -1
1 IN 2 5 1 106.500000 1 -1
2 IN 3 4 5 44.500000 2 -1
3 LN -1 -1 -1 -1 3 0
4 LN -1 -1 -1 -1 3 1
5 IN 6 7 5 26.300000 2 -1
6 LN -1 -1 -1 -1 3 0
7 LN -1 -1 -1 -1 3 1
8 IN 9 12 0 4.500000 1 -1
9 IN 10 11 7 27.500000 2 -1
10 LN -1 -1 -1 -1 3 0
11 LN -1 -1 -1 -1 3 1
12 IN 13 14 1 129.000000 2 -1
13 LN -1 -1 -1 -1 3 1
14 LN -1 -1 -1 -1 3 1

[TREE 9]
NB_NODES: 15
0 IN 1 8 5 29.950000 0 -1
1 IN 2 5 1 160.000000 1 -1
2 IN 3 4 7 27.500000 2 -1
3 LN -1 -1 -1 -1 3 0
4 LN -1 -1 -1 -1 3 0
5 IN 6 7 7 28.000000 2 -1
6 LN -1 -1 -1 -1 3 0
7 LN -1 -1 -1 -1 3 1
8 IN 9 12 5 45.350000 1 -1
9 IN 10 11 7 30.500000 2 -1
10 LN -1 -1 -1 -1 3 0
11 LN -1 -1 -1 -1 3 1
12 IN 13 14 1 163.500000 2 -1
13 LN -1 -1 -1 -1 3 1
14 LN -1 -1 -1 -1 3 1

